

























2171 2426 13034 






9630 11868 12504 14771 15203 16626 18294 18315 19728 19955 








922 
8462 

5908 6158 11487 


3726 8161 8169 



19101 










2557 








1716 2250 2493 4427 5447 6334 6454 6770 8352 8845 10285 11169 11396 11954 12467 12515 13490 13609 14622 16575 16929 18221 19124 19985 20338 

20337 














637 






18338 





630 8182 13372 13879 












2794 10604 12836 





310 10107 15629 17962 








3861 





599 2967 7807 10172 11512 13224 13490 14093 14132 16128 17717 18894 

12591 19468 













18550 







9927 18706 

18620 







561 1422 1492 1716 2493 3094 4081 4696 6334 6770 8352 8845 9702 10256 10570 10877 11396 11434 11437 15252 16128 16929 17000 19320 19985 











































4739 5461 5520 6440 7296 8499 9851 12294 12488 14129 14454 14757 18377 18496 


4548 17283 







18602 



561 1422 1716 2493 3930 4347 5775 6770 8169 8255 9373 9383 10092 11396 11618 12153 17245 









14549 
18932 










1409 2829 12156 18479 




14655 



12587 




















10663 11344 11665 14771 16792 












18657 






4035 4928 19581 20489 




332 4569 6497 12211 14568 



121 4224 10107 15629 17962 





















306 4569 6497 12211 14568 








7308 18386 






2583 3104 3930 4133 4347 5175 5255 5775 6572 6582 6602 6615 7406 7532 8058 8169 8255 8645 9373 10092 10256 10818 11169 11396 11618 12153 13259 13522 14186 15427 16136 16657 17903 18643 18939 19053 19358 19433 19582 19902 19985 












11870 11988 14441 












3209 


8286 8576 14454 











4078 
























5502 






















10851 


11585 15379 




7889 





13181 





4486 4715 10754 10786 13089 15955 
1154 6569 9458 11415 13224 15340 








































4969 
1052 1250 1299 2203 2261 2624 6630 7694 10948 11663 15709 










2149 3444 6344 8703 11364 13766 18940 18963 
















1717 2855 5501 7364 7487 8472 8720 8891 9581 10707 15754 15879 17585 17608 18355 19007 19875 19992 
1915 13106 




6553 16666 




2015 5613 14339 19969 







14692 


2620 



7431 18029 



4718 10211 


170 229 938 1422 1716 1977 3094 4081 4427 5467 6334 6770 9373 9383 10877 11396 11434 11618 13609 13936 14163 14604 15252 16228 16929 17245 19320 



1401 










3839 









8703 
4954 6934 7004 7772 10077 18041 18810 
900 






13028 

2975 6279 7176 

136 2018 2967 10172 11512 12070 12515 13490 14093 14539 16575 17717 







1939 9524 12322 14130 17115 19061 
18500 










5623 18396 

2295 18347 








102 8182 13372 13535 13786 13879 






89 















13998 
































1298 1387 4295 16048 









2824 3362 6112 10327 11467 17734 18913 
3841 9164 









4593 



















10227 18407 

16962 











9365 












11139 12203 











11844 










7089 10265 11780 
































1509 9848 
10722 
8374 

2271 3351 5707 6793 7702 11780 12045 


5707 





2489 









10348 
1309 1615 3071 4908 6281 7011 7456 8823 8854 10786 11806 12529 12960 13567 13684 18698 19239 














16729 












1010 3483 3902 5532 6121 7791 8113 11671 14223 18058 19204 

1939 2061 2999 4696 6611 6716 7345 10389 12322 15073 19061 19724 
15929 



1973 8602 




19590 























2022 

588 







1465 3296 4715 8050 8469 10786 10841 12529 12789 12960 13078 13089 13717 13969 14264 14829 15395 





3071 10786 12960 14829 



2951 



42 

13972 17691 













561 1232 1422 1716 1977 2493 3094 3930 4081 4133 4427 5467 6326 6334 6770 8169 8845 9243 9383 9646 10877 11396 11437 11618 13609 13936 14163 14186 14604 15252 16228 16582 16929 17000 17245 18221 18721 19472 19985 









3041 
18425 


17264 


13149 17277 



















14786 18141 














2694 2753 2956 3243 11239 18733 18747 









6279 7176 









862 5532 6217 6674 7791 8234 8625 11139 11671 12146 12203 12665 12836 13257 14223 15944 18058 18120 18934 19204 19778 





















11030 14490 15737 




2150 11344 11665 
16868 







15639 




15228 
500 1250 1299 2203 2261 2624 6630 7694 10948 11663 15709 























7573 8186 9352 13425 






















15695 







11925 
5483 









11322 16224 19514 
5672 5955 7031 











4625 11011 















1396 1886 2271 2409 4651 5373 5707 6793 7702 8047 9253 10843 11780 12045 12348 14870 15270 15708 17182 18873 19866 20195 


15773 



458 1942 3838 6569 9458 13224 15340 15620 














15819 16184 


13565 















4244 





6602 



2144 7487 8472 8891 9581 10707 11136 17261 18440 19269 19875 19992 













18643 








13130 










938 2149 4133 8703 11618 









17984 







500 1052 1299 2203 2261 2624 6630 7694 10948 11663 15709 












3978 9138 11404 15053 
4828 




5470 13549 








1282 4461 6183 11439 12222 12460 16244 
8462 11813 


1278 6183 9630 11439 12222 12460 15520 15576 16244 18200 18328 19694 19955 


3155 9606 












686 1387 4295 6419 16048 18229 
500 1052 1250 2203 2261 2624 6630 7694 10948 11663 15709 









834 1598 2415 3445 3718 4898 4901 5378 7011 7456 7630 8469 8823 10786 11806 12529 12960 13367 13567 13717 13969 13991 16757 19191 19239 19854 







15228 
11197 















10230 



14685 






15602 




6301 17005 















13882 


18610 

















686 1298 4295 6419 9533 15328 16048 






3877 

1147 5707 7702 8047 8091 11780 12045 




565 13140 







251 2829 18479 
1558 





16986 





170 229 561 938 1716 1977 2443 2493 2583 3094 3930 4081 4427 5361 5467 5775 6233 6334 6770 8352 8845 9383 9702 10877 11396 11434 11618 13609 14163 14186 14356 14604 15252 16228 16582 16929 17000 17245 18221 19124 19320 19472 19985 







12575 
6459 6843 9710 

































908 1598 2415 3296 3865 4043 4466 4680 4709 4715 4722 6281 7630 8050 8323 8469 8823 10176 10623 10786 10841 10951 11185 11806 12529 12960 13078 13089 13262 13717 13763 13843 13969 13991 14264 14542 14829 14921 15395 15955 18860 
2504 6246 8672 16423 
3865 4413 4715 6872 8226 10786 18100 19026 



2752 




16159 















170 6716 9524 9702 19061 19320 












4688 18518 


1699 5848 9361 12956 13373 14500 18311 18698 19157 20191 
810 






7681 
4461 7851 12460 


9336 





11087 







20466 

3553 16852 



6450 14977 















7456 

1410 


























3830 5206 9162 






17991 18334 




2409 5707 8091 9253 11780 13950 17182 
1309 1465 3718 4715 7011 7582 7630 10786 11806 12529 12960 13078 13089 13262 13684 13717 13969 14829 19239 


18310 


4777 7918 10939 18406 









4806 
834 4246 4908 7456 10786 12529 12960 13367 






5277 





1637 2372 3481 5734 5988 6266 10608 11164 12846 14010 14465 14721 15615 15695 15857 16192 16844 17791 18407 18529 19828 








1628 5988 12198 




4721 8070 11650 16180 18622 







19495 



2873 9684 13015 14827 18749 20435 



18500 





5342 5750 
7470 

19607 




7144 



11015 



5277 
2109 14717 

















1508 5898 



10596 

3119 
8431 14153 









72 170 229 561 938 1422 2110 2250 2443 2493 2583 2597 3076 3094 3930 4081 4133 4347 4427 5175 5255 5361 5447 5467 5775 6111 6233 6326 6334 6615 6668 6684 6770 8058 8169 8352 8845 8858 8939 9243 9373 9383 9702 10092 10256 10285 10320 10570 10877 11169 11396 11434 11437 11618 11954 12153 12467 12515 12895 13597 13609 13799 13936 14093 14163 14186 14356 14604 15252 15788 16128 16136 16339 16582 16929 17000 17245 17504 17795 18089 18221 18721 18939 19124 19320 19358 19433 19472 19582 19902 19985 20338 
528 5501 7487 8472 8891 9581 10707 17261 17585 18355 18444 19007 19875 19992 



























12467 18089 


















13949 












9516 









16928 





6200 11824 


















3662 







6485 















2250 12515 
















9588 

















17784 






5775 6602 10092 10818 12153 12791 13259 15427 18939 18963 18974 19433 







1147 




























529 2214 12193 13106 15755 19583 19949 




















9695 


607 864 2061 2999 4696 6716 7345 9524 10389 12241 12322 15073 17115 19061 


1154 2993 3838 9458 10449 





11689 14257 17881 
























869 

14364 
3539 
561 938 1422 5467 9383 11618 14604 16228 16929 17245 19472 
14717 
13391 





6327 





20456 


11249 



5452 5535 17791 






2150 11344 15203 15979 18294 









539 5613 8138 14339 


599 



898 3303 




5734 































18956 

864 1939 4696 6716 7345 10389 12322 15073 19061 19724 


14153 












11663 

























14025 





1681 2857 14717 
1716 2493 3930 4427 6615 6684 6770 7984 8058 8352 8845 9373 10256 11163 11169 11396 11618 11954 14093 15252 16136 16339 17000 18939 19124 19582 19985 
14858 
16580 


















4563 16505 




6419 



18012 



1198 7487 8472 8891 9581 10707 11136 17261 18352 18440 19269 19992 




511 1232 6344 8703 
1037 2005 10508 10663 11213 11344 11665 14771 15979 




6302 6309 7144 9822 10269 11786 















26 2426 13034 
























19170 






500 1052 1250 1299 2261 2624 6630 7694 10948 11663 15709 
7925 14330 









1915 12193 13106 


3481 



4343 5891 8341 14716 17976 










7143 
13181 16549 







9414 11060 






6919 7287 14339 

72 1716 1836 2597 5447 6111 6117 6602 8352 8939 10285 10570 11169 11512 11954 12467 12515 13490 13597 14086 14093 15446 16339 16355 16575 17000 17795 19124 19433 19902 19985 20338 
9819 
16868 








500 1052 1250 1299 2203 2624 6630 7694 10948 11663 15709 




15520 19694 

17820 


814 1147 2409 3351 4651 5373 5707 6793 7089 7094 7702 8047 8091 9253 10843 11780 12045 12348 13216 13867 13950 14870 15270 16740 17117 18007 18873 19403 19866 20195 

17027 







10090 

12419 12648 17860 











621 6349 18347 



















18666 20267 
























































1628 5734 13224 19047 







4059 






5207 














9304 11780 12045 






1147 1597 2271 3351 5707 6793 6828 7089 7094 7702 7772 8047 8091 8560 8981 9253 11780 12045 12348 13216 13950 14459 14601 14870 15270 15851 16266 16740 17117 18007 18873 19403 19866 20195 

7554 9353 



1309 1465 3445 3862 4043 4207 4486 4539 4656 4680 4709 4715 4722 4901 5029 6281 6872 7011 7456 7630 8050 8289 8445 8469 8823 9963 10176 10623 10786 10951 11806 12529 12776 12893 13078 13089 13262 13717 13763 13843 13969 13991 14939 15395 15955 16818 17448 18100 18390 18860 19245 19854 20186 20341 




13602 





26 2171 13034 















8083 11023 17784 
1422 1716 5467 6770 11396 11618 14163 16929 19472 

19352 
























18199 


















823 



72 170 229 938 1422 1716 2110 2583 3094 3930 4081 4133 4347 4427 5255 5361 5467 5632 5775 6233 6334 6615 6770 7984 8058 8169 8255 8352 8845 9373 9383 10092 10256 10570 10877 11163 11169 11396 11618 11954 12153 12515 13609 13799 13893 13936 14093 14100 14163 14186 14356 14881 15252 16128 16136 16339 16582 16929 17000 17245 18221 19124 19320 19358 19433 19582 19902 19985 








4059 4246 4486 4680 4715 7332 7456 8469 12529 12893 13078 13089 14939 15395 18860 

1466 8672 16423 
19425 


















6650 




















8208 






7383 




63 6188 8174 

























348 1422 1716 2493 3930 4133 4347 4427 5175 5361 5447 5775 6334 6615 6770 8058 8845 9373 10092 11169 11392 11396 11618 11954 12153 12880 13597 13799 14186 16582 16929 17000 17795 19124 19433 19582 19902 19985 
11009 16489 












1716 2250 6117 8352 8845 12515 13490 14093 16339 19985 20338 












16266 


7807 






550 5206 15749 



500 1052 1250 1299 2203 2261 6630 7694 10948 11663 15709 

10151 





















8936 


3166 









5775 6791 9373 10092 12153 











9394 11189 







13961 



7431 





9875 


990 2753 2956 3243 11239 18733 18747 19307 
















13283 













5146 19245 


























1471 
990 2694 2956 3243 11239 18733 18747 19307 








2955 







16130 




17613 










9221 16057 







115 12203 





















11265 



4528 6684 6770 10285 11169 11618 11954 12515 12895 19124 



696 

10383 13093 


251 1409 18479 











12360 



15271 
8874 18937 





10709 
7969 

528 9581 19875 19992 

2109 















1654 9684 13015 14827 18749 20435 
4653 


4079 


















12757 15064 




















10699 





















3722 










16959 
918 



2762 
990 2694 2753 3243 11239 18733 18747 19307 20319 



11331 11706 

7484 14223 




136 599 6564 7807 9458 10172 11287 12515 13490 14093 14132 14539 16575 17717 

11635 





597 5894 7176 7784 12204 14738 18798 19739 

















1942 3838 9458 11392 11954 12623 12971 



3351 5707 6793 7226 11780 12045 13424 13950 15851 20195 

864 1939 12322 19724 














8571 12259 



10851 

13832 






14066 14965 













948 12794 13178 13869 





























834 914 3296 4059 4246 4680 4908 7402 7751 8323 8469 10754 10786 10841 12529 12789 12923 12960 13078 13367 13717 13969 14829 19239 


18575 

1716 6770 16929 









5641 7551 8463 







170 561 938 1422 1716 2493 4081 4427 5467 6334 6770 8352 8845 9383 10256 10570 10877 11396 11434 11437 11618 13609 14163 14604 15252 16339 16929 17000 17245 18221 18721 19124 19320 19985 



4733 18293 





348 4347 4427 5775 8255 8778 9373 9615 10092 11618 12153 12965 14186 15427 17526 18939 19283 














1705 8836 8968 9992 17070 

8294 




16224 




10786 



5847 10065 







8890 











1285 6014 8090 9606 










2651 9272 

















6641 









18982 







7957 

6429 13769 




374 

































990 2694 2753 2956 11239 18733 18747 19307 20319 









5011 10495 13103 19213 
































15998 







19551 

908 1465 3071 4059 4246 4466 4680 4715 6281 7630 8050 8469 8823 10623 10786 10841 10951 11185 11806 12529 12789 12960 13078 13089 13262 13717 13763 13969 14264 14829 15395 15955 18860 




4043 4207 4413 4486 4680 4715 8445 8823 9918 10176 13073 13089 13991 14939 15395 16682 17344 17448 19245 

2022 




























9142 

14778 16045 20474 










16657 18643 





814 2271 2409 2997 4651 5373 5707 6793 7089 7094 7702 8047 8091 9253 11780 12045 12348 13436 13867 13950 14870 15270 15851 17117 17151 19403 20195 










696 4405 5898 6112 10327 11467 14228 15429 16975 17734 17992 18913 19301 
11849 





5650 








































12309 13406 
























15228 








511 4696 13766 18940 18963 
1309 2415 4486 4715 4908 5378 7630 8469 8823 10786 11806 12529 13078 13089 13367 13684 13717 13969 13991 16818 17448 19854 




10344 


18145 







9476 9944 
12206 
















16761 

1628 2217 5734 11164 11415 13224 18529 

862 5532 11671 14223 







4360 







5452 


















18641 
















6843 19251 



1976 













1536 










































8289 10786 12960 13089 13717 























































6843 









1812 





17117 18873 
11262 
















5711 






15615 15695 
















9919 







1309 1598 7011 19301 



2939 



48 18939 






































































15134 






9329 

























1585 



10280 11737 13106 18348 


6694 
1154 1942 2993 9458 
576 
9004 
697 

4756 10084 13535 13879 14452 17440 19474 















6004 7843 16580 

130 
2415 4043 4486 4709 4715 9515 10786 13089 13763 13843 13991 15395 15955 18390 


1465 1467 4043 5378 8226 8823 12960 13763 13969 18100 





10793 11030 12090 12495 





1394 













6164 6381 










862 5532 6121 8113 8234 11671 14223 19204 

















6615 9373 15788 









229 348 938 1422 1716 2110 2493 2583 4133 4205 4347 4427 5175 5255 5361 5775 6334 6572 6615 6770 6791 6846 7820 7984 8058 8169 8255 8352 8845 9373 10092 10256 10570 10818 11169 11396 11618 11954 12153 13259 13522 13597 13799 14163 14186 14356 15427 16136 16582 16657 16929 17000 18939 19124 19358 19433 19472 19582 19902 19985 








10171 





10871 






















13130 17189 20036 







13103 15772 

1263 







6252 8822 
















6667 













9527 9635 17483 18069 










12239 






301 4928 19581 20489 







1465 2415 3301 3862 3865 4207 4413 4486 4680 4709 4715 7332 7456 8050 8226 8469 8823 9736 10176 10786 13089 13262 13717 13763 13843 13969 14939 15395 15955 16682 17344 17448 18860 








8259 






2380 2502 3071 3296 4246 4486 4680 4715 8050 8289 8823 10786 10841 10951 12529 12789 12960 13078 13089 13367 13717 13969 16954 18179 18860 19239 


















389 
2877 

170 561 938 1422 1716 2493 3094 5467 6334 6770 8845 9243 9383 10877 11396 11434 11618 14163 14604 15252 16929 17245 19472 



































13192 















348 938 1232 1716 2493 2583 3930 5175 5361 6111 6334 6684 6770 7406 7820 7984 8058 8169 8352 8845 8939 9373 10092 11169 11396 11473 11618 11954 12153 12967 13597 13799 14093 14163 14186 15252 15427 16128 16582 16929 17000 18939 19124 19433 19582 19902 19985 20042 


9766 







16136 19582 19985 





5956 9505 


6301 











10459 










15998 




























3930 

2415 3301 4043 4413 4486 4677 4680 4715 8823 9918 14939 15395 16682 17344 19245 20389 








4953 12428 







310 10107 













6281 11806 13567 13717 17448 
5257 6222 




1188 

1615 2502 3071 3296 4059 4486 4715 4722 4908 7332 7456 7582 7598 7751 8050 8130 8407 8469 8823 8854 9515 10623 10754 10786 10841 11428 12529 12789 12923 12960 13078 13089 13262 13367 13684 13717 13843 14404 14829 14939 16818 16954 18179 18698 18860 19239 20182 









13907 
11039 



































10328 20358 

686 1298 1387 6419 16048 










12960 






9815 



















8078 









2221 8341 14716 



229 348 1716 2493 2583 3104 3930 4427 5175 5775 6572 6615 6770 8058 8169 8255 9373 10092 10256 11169 11396 11618 11954 12153 13259 13597 13799 14043 14163 14186 14356 15427 15788 16582 16904 16929 17245 18939 19053 19124 19358 19582 19985 












3491 





10296 












15273 










4806 




13123 









3362 10327 16975 19157 







1467 3301 4043 4207 6872 8226 16682 17344 19655 20389 













72 561 938 1422 1716 2110 2493 2583 3094 3104 3930 4347 5361 5447 5467 5775 6334 6615 6770 8169 8352 9373 9383 11169 11396 11618 11954 12515 13597 13609 13799 14163 14186 15252 16339 16582 16929 17000 17245 18221 18939 19124 19472 19902 19985 20338 

14130 





















17791 





14367 



1278 1517 7851 7876 12460 20510 




1465 3296 13969 



















457 2415 2502 3301 3445 3862 4043 4059 4207 4246 4539 4656 4680 4715 5029 5240 7332 7456 7582 7598 8050 8289 8366 8407 8823 9515 9918 9962 10176 10623 10754 10786 10841 10951 11185 12173 12529 12893 12960 13073 13078 13089 13262 13367 13717 13843 13969 13991 14939 15395 15955 16155 16818 17448 18390 18860 19239 19245 






9253 11780 12045 17151 18007 








10967 


















8047 11780 18768 






2820 6564 6602 7532 11169 12153 12895 14093 15788 17795 18894 










2415 4486 4715 8445 13089 13717 13991 15395 16720 18860 








217 17283 







18097 






2131 





306 332 6497 12211 14568 

16355 


15179 18126 


8720 8788 9033 18355 18440 19875 19992 

6416 







17345 





707 6413 12021 18573 




13511 







5189 5626 7862 


















1131 14458 


8220 




















6624 

1147 2271 3351 5373 5707 6793 8047 9253 10843 11780 12045 12348 13867 18007 20195 

2874 


2415 4486 4680 8289 13078 13089 13991 18390 




















4207 16682 17344 


1465 2415 2502 3071 3296 3301 4043 4059 4207 4486 4656 4715 4908 6281 7332 7456 7582 7630 8050 8289 8407 8445 8469 8823 9515 10176 10623 10754 10786 10841 10951 11185 11428 11806 12016 12258 12529 12893 12960 13073 13078 13089 13262 13367 13684 13717 13763 13843 13969 13991 14542 14829 14939 15395 15955 16818 17364 17448 18179 18390 18860 19239 19245 19854 20341 







1505 10294 11809 12139 17030 18518 







170 864 1939 2061 3444 6233 6398 6716 8845 10389 12241 13766 18940 19061 19724 






13011 





1465 2415 3862 4043 4715 7456 7630 8469 10623 13763 13969 15395 

17576 19662 



457 908 1465 1467 1598 2415 2502 3296 3301 3445 3862 4043 4059 4207 4246 4486 4539 4680 4709 4722 5029 6281 6872 7299 7332 7456 7582 7598 7630 8050 8289 8323 8380 8407 8445 8469 8823 8854 9515 9570 9736 9918 9962 10176 10623 10754 10786 10841 11185 11428 11806 12016 12258 12529 12776 12893 12960 13073 13078 13089 13262 13367 13717 13763 13843 13969 13991 14542 14829 14939 15395 15955 16682 16818 17344 17448 18390 18860 19239 19245 19854 20341 


558 


1642 8070 11650 16180 18622 
1465 2415 4246 4715 10786 13089 13262 13843 13969 15091 15395 16028 










3098 18293 




13067 
214 4854 5461 6440 7296 9851 12488 14129 14360 14757 17928 18377 18496 








11263 19402 







3843 10084 13535 13879 14452 17440 

11062 

19495 



7889 8288 8529 16423 










11567 11959 
13914 
1604 7918 10939 




























1614 4390 16733 





















1264 




10084 17440 
















6345 



4739 14129 17928 18496 










5119 12996 13475 









17998 


12130 



















1309 7011 11806 


1309 2415 6281 7011 13969 13991 






834 1615 3071 3445 4246 4680 7332 7402 7456 7751 8050 8130 8375 8469 8854 10786 10841 12529 12923 12956 12960 13078 13089 13684 13717 14829 18698 19157 











9381 







301 4035 19581 20489 
















13333 17416 







4216 
587 














499 


9511 






5847 6317 10065 10851 17938 

















5535 









11780 14870 



3253 13103 

















2415 4486 4715 8445 15395 






































5146 9963 14228 19245 























10189 


























4865 


























2725 5068 9963 12594 13073 13089 15395 19245 



















13490 16575 







17164 
348 1716 2583 3930 4133 4347 5255 5775 6233 6615 6770 7406 7532 7820 7984 8058 8845 8939 9373 10092 10570 11396 11954 12153 13597 13799 14093 14186 15427 16128 16136 16582 17000 18939 19124 19433 19582 19902 19985 
5501 6659 13509 18355 










5650 

4606 5626 





10178 










1585 2620 
2387 13669 



18706 

9044 10743 


6770 8845 15252 16128 19985 














9000 




6111 9373 10256 10570 16339 19433 
12535 


4486 

14663 




12149 12654 15782 18337 19760 20306 20370 







348 1716 2493 3930 5175 5775 6770 7820 8058 8169 8352 8845 9373 10092 10256 11396 11618 12153 14186 15427 16136 17000 17504 18939 19358 19433 19902 19985 

4239 8039 9836 14981 







5696 





14673 





1622 1680 






























5913 




15906 










6602 







17027 









1664 6459 6843 


















1422 1716 2493 2583 3930 4133 4427 6334 6684 6770 8352 8845 10256 11396 11618 13609 15252 16128 16582 16929 17000 18221 18721 19124 19582 19985 








15064 
5394 
6383 
1147 2271 3351 4651 5707 6793 7702 11780 12045 12348 13867 14870 15270 15708 19050 20195 




1309 3445 3865 7630 10631 10786 12960 13969 18059 18100 18892 20308 















5371 





































10254 






8845 10877 15252 







72 1716 2250 2583 4427 6602 6615 6770 7984 8058 8352 8845 8858 8939 9373 10256 10570 11169 11396 11618 11954 12153 12467 12515 12880 13597 13609 13799 14086 14093 14163 14186 15252 15446 16128 16339 16582 16929 17000 17795 18221 19124 19433 19582 19902 19985 20338 

5734 12846 15340 16192 18529 


1998 3499 
18492 

8894 





214 4739 7296 8653 12488 14129 14757 18377 18496 





561 938 1422 1716 1977 2443 2493 3094 4081 4427 6770 9243 9383 10877 11396 11434 11618 13609 13936 14163 14604 15252 16228 16929 17245 18221 19472 


1269 









17882 


1108 

















528 1717 5176 7487 8472 8720 8891 9581 10707 15754 17506 17585 17608 18355 18440 19007 19875 19992 
414 















9432 

214 7296 8286 8499 8653 10440 12488 14129 18377 
10559 










862 1010 3483 3902 6217 7791 8234 11139 11671 12146 12665 14223 18058 18120 18934 19204 19778 


1998 4997 17499 


12996 










20421 
19964 


17982 



14310 



17484 18912 



















8384 



14397 16868 










11418 






17914 









539 2015 8138 

5956 







619 11446 18396 


4606 5189 





2493 6334 7532 10256 12153 16136 16582 19985 
13416 14454 



13538 14287 15179 



3086 8463 








3369 5187 9535 15455 17939 














17311 






1119 7031 















19502 







5265 










814 817 1147 1396 1597 2271 2409 2997 3351 4651 5373 6793 7089 7094 7702 8047 8091 9253 9304 11780 12045 12348 12405 13216 13436 13867 13950 14508 14601 14678 14870 15270 16171 16740 16992 17117 17151 17182 18007 18873 19403 20195 



3686 6137 12730 16321 







13724 





9757 








1628 2027 2372 3481 5449 6266 10608 11164 11415 12846 12883 13224 14010 14721 15913 16192 16759 17791 18529 19047 19300 19828 








10874 15464 16043 16686 18285 






1664 12198 















10802 








229 348 1422 1716 1878 2493 2583 2661 3104 3930 4347 4427 5175 5255 6602 6615 6770 6791 8058 8169 8255 8352 9373 10043 10092 10256 10570 11169 11396 11618 11954 12153 13259 13597 13799 14043 14186 15252 15427 15788 16136 16582 16904 17000 17504 17795 18939 19124 19358 19433 19582 19902 19985 























16174 














































6440 
3135 4979 6317 10065 17938 
1508 7456 18698 19157 





















20010 




















2221 17976 


2975 7176 



1699 3362 7456 15429 









45 




5308 



























8358 













1119 
4150 5615 
15592 17622 19279 


15169 













19101 













1628 1637 12198 















3859 7843 16580 









3155 9606 17967 













15237 
17419 























18200 


















14809 






































1716 2250 4133 5236 6770 8352 8845 10570 11396 12153 14093 15252 16136 16339 17000 19433 19902 19985 
696 3362 10327 11467 18913 




2250 2597 13490 14093 16575 



862 3902 14223 


15695 




15632 







5711 12730 16321 18944 















11404 15053 16214 16791 




45 





3891 6381 
14757 






16515 18550 










1278 1282 12222 12460 16244 18200 




2557 8174 











1793 11824 















10916 
1010 5532 6674 11671 18120 19204 




4239 16129 16669 










1422 1716 2493 4696 5175 6615 6770 8352 8845 10285 11396 11954 12153 12515 12895 13799 14086 14093 16582 16929 17000 17795 19124 19320 19433 19902 19985 












1466 7654 8672 14449 





3986 
10941 





12822 


8285 14398 16077 



1628 5734 10608 15857 16192 17791 18407 18529 19828 












597 1000 7176 12204 18067 

834 1465 2415 3296 4238 4680 4715 4901 7011 7630 8445 8469 8823 10786 10841 11806 12016 12529 12960 13089 13262 13567 13717 13763 13843 13969 13991 14460 14829 15395 15955 19191 

11662 14092 15819 

















1350 4153 
2155 6309 7144 9822 10269 11786 
7746 
7285 




2155 6302 7144 9822 10269 11786 







4979 5847 9432 10848 18691 








938 1716 14163 16929 19472 
1985 






72 170 561 938 1422 1716 2493 2583 3094 3930 4081 4133 4427 5361 5632 6615 6770 7984 8058 8169 8352 8845 9373 9383 9702 10092 10256 10570 10877 11169 11396 11434 11618 11954 12153 13609 14186 14356 14881 15252 16128 16136 16582 16929 17000 17245 18939 19124 19320 19358 19433 19582 19985 





7296 14757 



511 2149 
4850 



2295 18347 































3891 6164 

5372 













11245 
4696 18940 18963 











13094 17991 18334 


4593 13391 


4579 


1298 1387 2136 4295 16048 18229 






9325 


3204 13769 16121 










214 4739 5846 7296 9851 12488 14129 14360 14757 18377 18496 









1540 



72 18221 




1431 5342 6843 9710 




















11552 18230 
17443 
18712 


1820 


20392 
17691 




8608 


306 332 4569 






















10050 10248 





10597 












14031 













534 16666 

13441 16174 18712 19323 

13695 



9044 14573 20456 


2967 4528 7807 14093 18894 


11481 

458 1154 10733 13224 


348 3930 4347 7786 8058 9373 11618 14186 18643 18939 




9527 9635 17483 18069 19223 




348 11618 13522 14186 18939 



















348 1194 1878 2250 4528 5324 5447 5775 6684 7532 8058 8352 8645 8858 8939 9373 10043 11169 11954 12153 12467 12515 12880 13259 13597 14093 15446 16860 17795 18939 19124 19433 19985 








864 



348 1716 2110 2493 2583 3920 3930 4347 4427 5175 5447 5775 6233 6334 6770 8058 8255 8352 8845 9373 10092 10256 11169 11396 11618 11954 12153 12515 13597 13799 14186 14356 15252 15788 16136 16582 16657 16929 17000 17245 17795 18939 19124 19358 19433 19902 19985 20338 



19704 




4649 





500 1052 1250 1299 2203 2261 2624 7694 10948 11663 15709 










3184 6657 7761 15942 








2524 20135 

19961 




6641 

5176 







4003 
1716 8352 11169 11954 12515 14622 16575 19124 20338 





1010 6217 10604 11139 11671 12146 12183 12203 12836 15944 18120 19778 









1716 2110 2820 4133 5361 6602 8058 8352 8845 10256 11169 11396 11954 12515 12895 13597 14093 16339 17000 18221 19124 19433 19902 19985 






9044 18550 


3837 
10973 




















864 1492 1939 2061 4696 7217 7345 9524 9702 10389 12241 12322 13233 15073 19061 





14357 

12989 



20016 





18345 



























12232 16868 





14718 

72 170 229 561 938 1422 1716 2110 2443 2493 2583 2820 3076 3094 3930 4081 4133 4347 4427 5175 5216 5255 5361 5447 5467 5775 6111 6233 6334 6615 7984 8058 8169 8352 8845 9243 9373 9383 9702 10092 10256 10285 10570 10877 11169 11396 11434 11618 11954 12153 12515 13597 13609 13799 13936 14093 14100 14163 14186 14356 14442 14604 15252 16128 16136 16228 16339 16582 16929 17000 17245 18221 18721 18939 19124 19320 19433 19472 19582 19902 19985 












8332 10222 



8208 9325 



2661 3930 5775 8352 9373 10570 12153 17000 19902 

814 1147 2271 2409 2997 3351 4651 5373 5707 7089 7702 8047 8091 9253 10843 11780 12045 12348 13216 13867 13950 14870 15270 15708 16740 17182 18007 18873 19050 19403 19866 20195 
























15917 


17533 18734 






2409 7094 7772 11780 12045 16266 18873 














1431 3535 3652 5342 6459 9710 


3930 11169 12153 13522 

























1467 2415 4413 4715 













18203 



10777 

















16636 




8576 13278 





2248 






12883 15913 



8022 



587 
























11780 12045 12348 15851 20195 












19433 19985 
17750 























11682 






587 






834 1309 1598 2415 3718 4898 4901 6281 7456 8823 12529 13089 13567 13717 13969 



















1119 5672 





7908 17737 



20358 











15186 16012 



































777 2271 2409 3351 5707 6793 7094 7702 7772 8091 9253 10072 10265 11780 12045 12348 13216 13950 14870 15270 15851 16266 16740 17117 17151 18873 19403 20195 




2271 2409 3351 5707 6828 7089 10072 11780 12045 12348 13216 13950 14459 15851 16266 17151 19403 



8829 


17533 18734 
















16210 19806 

11682 










14923 








10167 


2232 
1672 2155 6302 6309 9822 10269 11786 



8206 







7669 13278 


















16087 
597 1000 2975 5894 6279 7784 12204 18067 18798 19739 




















11030 14490 15737 

15032 






12045 12348 19403 










6716 9524 12241 13233 19061 

9562 






2997 
11780 12045 12348 










12227 18355 































10409 15313 














6304 

2248 








214 4739 5461 5520 6340 6440 8653 9851 12294 12488 14129 14757 18377 


4715 8445 15395 17678 19245 








341 


13869 











8948 








2502 4043 4246 4486 4680 4715 4908 7598 8130 8407 8823 8854 9515 10176 10754 10786 12529 12893 12923 13073 13078 13089 13367 13717 13843 13969 14939 15395 15955 16818 17448 18179 18860 19239 20341 












864 1939 2061 6716 12322 16295 17115 19061 
















14253 

528 7487 8472 8720 9581 10707 19992 


















2552 











18643 






3071 4908 12923 18698 



348 4133 5175 11618 15734 18939 
























554 2685 18029 



11413 




















834 1309 1556 1615 2415 2502 4043 4246 4486 4680 4709 4715 4908 5848 5898 7011 7630 8469 8757 8823 9361 9788 10623 10786 11806 12893 12956 12960 13089 13367 13567 13684 13717 14500 14759 15395 15429 16617 17020 19157 19239 19854 20016 20191 



19769 









1665 




8472 9581 10707 17585 18355 18440 19007 








2962 14223 


528 1198 1717 2144 5501 7364 7791 8472 8891 9581 10707 17261 17585 18355 18440 19007 19875 19992 






15309 





























16639 







348 4528 5175 5632 6602 10092 12153 13259 15427 17795 19902 



14228 














3086 


2411 9353 


















1076 9352 12687 16336 








1598 4246 4486 4680 4715 10786 12789 12960 13078 13089 13717 13969 15955 















4246 4486 4715 7332 10754 12529 13078 


















15963 19328 












1309 1465 1598 2415 3296 3445 4680 4709 4715 5378 6281 7456 8289 8445 8469 8823 10623 10786 11806 12529 12960 13089 13567 13684 13717 13763 13969 13991 14264 15395 15955 18412 18860 19854 























6246 10419 14449 

13434 





8285 




12168 

7156 13278 







11824 


16857 18408 
1516 












500 1052 1250 1299 2203 2261 2624 6630 10948 11663 15709 







814 1147 1396 2271 2409 3351 5373 5707 6793 7089 8047 8091 9253 10843 11780 12045 13216 13867 13950 14870 15270 18007 18873 19403 













19077 


15893 17284 
















20170 






13055 
12299 

6303 


14915 

3071 4246 4908 8854 10786 10841 12529 12923 12960 13078 13717 18179 









6641 










587 2409 6828 7089 10077 11257 11780 12045 18041 18810 











2975 7176 12204 18067 18798 

6572 10129 18643 18939 




862 1010 5532 7487 10707 11671 12146 14223 18058 




8169 










136 2613 2967 6564 11287 11392 13224 14132 18894 



14523 18749 20435 








3930 4133 5175 5255 8845 10092 13799 15427 19433 19902 19985 














10248 







3859 6004 16580 







1517 4461 7876 8024 8567 20510 










4606 7908 8902 









19681 



4461 7851 20510 






11713 14072 





445 4764 8288 




10335 









8047 11780 12045 18768 



7037 7862 









1604 4777 10939 






2204 14330 

























10254 





3202 


16418 








2853 





8610 


20495 





2110 2493 3930 4133 5175 5447 6334 6770 8058 8845 9373 10256 11396 11618 13799 15252 16128 16136 16339 17000 18939 19433 19582 19985 





































6930 

7851 8567 20510 










17390 



5257 9836 







1147 1396 2271 2409 3351 4521 4651 5707 6793 7702 7904 8091 9253 10843 11709 11780 12045 13436 13867 13950 14508 14678 14870 17182 18007 18873 19403 19866 20195 


908 1465 2415 3296 4043 4059 4246 4486 4680 4715 4908 8289 8407 8469 8823 9515 10623 10786 10841 11806 12529 12960 13078 13089 13262 13684 13717 13843 13969 13991 14264 14829 14939 15395 15955 16818 18860 







348 1716 2110 2493 2583 3930 4133 4347 5175 5255 5447 5775 6334 6572 6602 6615 6684 6770 7984 8169 8352 8845 9373 10092 10256 10570 11169 11396 11618 11954 12153 13259 13522 13597 13799 14093 14186 15427 15788 16128 16136 16582 17000 18939 19124 19358 19433 19582 19902 19985 

14573 









1642 4721 11650 16180 18622 







4333 




2442 11023 17784 

11780 




3155 
1396 1597 2271 2409 3351 5707 6793 7089 7702 8047 9253 11780 12045 13216 13950 16347 17151 





















862 3902 19204 
















4246 4908 7332 10786 10841 12529 13367 13717 







2015 5613 







16641 











11558 12128 13455 


48 19133 

18529 





48 229 348 938 1716 2493 3930 4133 4347 4427 5255 5775 6334 6770 7796 8058 8255 8845 9373 10092 11396 11618 12153 14043 14163 14186 17504 18939 19358 19433 19472 19902 19985 




2557 6188 


12890 




102 630 13879 


15410 
1076 9352 



















7148 11305 

2545 6787 











4628 





1467 3865 4043 4413 16682 17344 18100 19655 







1010 3902 5532 11671 14223 






9203 




14339 19969 








229 348 2493 3104 3930 4347 5775 6615 8169 9373 10092 11618 12153 13799 14186 15427 16582 18939 19358 19985 



4052 


















13093 



17525 


6262 7662 14398 16077 20018 
377 5520 8576 14454 

4764 7889 
2415 3596 4059 4486 4656 4680 4715 7630 8050 8366 8469 9515 9918 10786 10841 10951 13073 13078 13089 13367 13717 13843 13969 13991 14939 15395 15955 16818 




3121 


























10025 

1465 3071 4715 8823 10786 10841 12529 13078 13089 13262 13717 13843 13969 14829 








6783 






19882 

2221 4343 14716 










72 170 1422 1716 2110 2250 2493 2597 3094 3930 4133 4427 5255 5361 5447 5775 6111 6233 6334 6602 6615 6668 6684 6770 6791 8058 8845 8939 9373 9702 10092 10256 10285 10570 11169 11396 11434 11618 11954 12153 12467 12515 13597 13609 13799 13936 14093 14163 14186 14356 15252 16136 16339 16582 16929 17000 18221 19124 19320 19433 19582 19902 19985 20338 





5941 




18545 


4486 8289 







812 
4908 10786 12529 12960 13089 13367 13684 13717 16818 




4715 



5581 



16339 18229 


















4246 4486 4680 4715 7332 8050 8823 10786 10841 12529 12960 13078 13089 13717 13763 13843 15395 15955 16818 17448 18860 19239 























1706 9510 14153 













2415 3301 4539 4680 4715 5029 6281 7299 7630 8823 10176 10623 10786 11118 11806 12016 12529 12776 13089 13717 13843 13969 13991 14460 14939 15395 15955 18100 19245 19854 
















43 1279 13372 
3086 5641 18347 





908 1309 1465 2415 2502 3071 3296 3445 4043 4246 4680 4709 4715 4908 6281 7456 7630 8050 8289 8823 8854 10754 10786 10841 10951 11806 12258 12529 12789 12893 12960 13078 13089 13684 13717 13843 13969 13991 14264 14542 15395 16818 18860 19854 


528 1198 1717 2144 5501 7364 7475 7487 8720 8891 9581 10707 15754 15879 17585 17608 18355 18440 19007 19875 19992 


























214 5520 























19586 





4764 






























2409 8596 

19561 



17822 
7851 8024 20510 



3014 



12475 
377 6913 8286 13278 














19306 
18913 



8560 





869 





6494 

7975 














1010 



















348 6602 12153 13259 15427 17526 







5461 5520 7296 9784 14129 14757 








10000 









1466 2504 6246 16423 17593 








18723 





















511 586 1232 2149 18940 














10327 

528 4577 5501 7364 8472 8788 9033 9581 10707 17506 17585 18355 19007 19875 19992 




17092 















14981 



15005 











7456 12529 





9533 15328 








15542 





3104 15692 



16170 





4577 8720 9033 9581 10707 18355 18440 19992 

































3986 
834 1309 1465 2415 3296 3301 3445 3865 4043 4059 4207 4246 4486 4680 4715 6281 7011 7332 7456 7630 8050 8323 8407 8445 8469 10176 10786 10841 11428 11806 12529 12960 13078 13089 13262 13367 13684 13717 13763 13843 13969 13991 14829 14939 15395 15955 18860 19854 


20016 


7098 15037 16975 



14454 


3119 9992 14085 16333 17070 








72 170 938 1422 1716 2110 2493 2583 2597 3094 3930 4081 4133 4696 5175 5216 5255 5361 5439 5447 6111 6233 6334 6615 6684 6770 7820 7984 8058 8169 8352 9373 9702 10092 10256 10285 10570 10877 11163 11169 11396 11434 11618 11954 12153 12515 12895 13490 13597 13609 13799 13936 14093 14163 14186 14356 14881 14884 15252 15791 16128 16136 16339 16575 16582 16929 17000 17245 18221 18669 18721 19124 19358 19433 19582 19902 19985 20061 20338 








834 4246 4715 4908 7332 7751 8469 10786 12923 12960 13078 13089 



1716 5447 6602 11169 11954 12880 19124 














10954 15045 
2846 

14417 
10944 
11658 




14348 17007 






3143 
528 1198 1717 2144 5501 7487 8472 9581 10707 17261 17585 19269 19875 19992 


5455 

9522 15954 





7862 






14426 


























2648 10001 15651 


1716 2250 4133 5175 5447 6602 8352 11169 11954 12467 12895 12971 13597 13799 14093 17795 19124 19433 19902 




11780 



7323 




11305 14842 




15428 









3119 












2409 11780 
13089 15395 







17070 









5231 16406 



3840 12318 




























4577 8720 8788 9581 10707 18355 18440 19007 










5213 6561 6691 10743 20456 




20027 






9253 


13675 















19713 


































13670 













10954 14025 

11809 12139 











1263 15053 



3332 





10634 12857 16049 













1585 

697 9302 













11064 17276 
















10344 







8241 

















2786 16057 





















938 1716 4081 5467 6770 11618 14163 16929 17245 19472 




17816 



19964 
1147 1597 2271 2409 3351 4493 4651 5707 6793 7089 7702 8047 8091 9056 11780 12045 12348 13216 13867 13950 14601 14870 15270 16266 16347 17151 18007 19403 19866 20195 


















3166 



10818 18939 




10296 










12203 12836 









9164 

2402 5707 11780 12045 16992 

12178 13813 15728 16045 17277 18254 20474 





13130 20036 












6426 6787 15046 16805 19217 19926 



3804 






1520 















1076 7573 8186 13425 14668 16336 
2411 7554 







1508 7456 



741 16669 







229 348 561 1716 2110 2493 2583 2661 3104 3920 3930 4133 4347 4427 5175 5236 5255 5447 5775 6334 6572 6602 6615 6770 6791 7984 8058 8169 8255 8352 8845 10092 10256 10570 11169 11396 11618 11954 12153 13259 13597 13799 13893 14186 14356 15252 15427 15788 16136 16339 16582 16657 16904 16929 17000 17245 17504 18643 18939 19053 19124 19358 19433 19582 19902 19985 







4920 

229 561 938 1422 1716 1977 2493 3094 4081 4427 5467 6334 6770 10877 11396 11434 11618 13609 14163 14604 15252 16228 16929 17245 18221 19472 





12253 




2673 11189 



11181 















2241 11060 
12253 














15134 

5518 6317 10848 10851 18691 

























458 1154 1942 2967 2993 3838 




19343 












3461 











19690 













17531 


4150 




8431 14153 
4972 



3862 4246 4486 4680 4715 7332 8050 8289 10841 13089 13367 13717 13843 13991 15395 16818 18860 
1777 





8896 

607 1492 1939 6716 7217 12241 12322 13233 19061 


4017 6577 9635 18069 





1387 8763 15328 

5650 13773 17886 


























7219 
15002 






4715 10786 13717 15955 










528 1198 1717 2144 2855 5501 7364 7475 7487 8472 8720 8788 8891 9033 10707 11136 13719 15754 17261 17506 17585 17608 18355 18440 19007 19875 19992 






1853 












17794 18872 


13684 

1285 3155 6014 








3104 







11818 






33 1282 15520 16626 18315 19694 19728 19955 




4017 6577 9527 17483 18069 19223 










938 











12045 12348 















17914 
17522 








1654 2873 13015 14827 18749 20435 





16906 




1936 






170 1422 1492 1716 6334 6716 6770 8352 8845 10256 11396 11434 12153 15252 16136 16339 16929 17000 18429 19433 19985 







1431 6459 6843 



15651 





















4043 4715 13089 13262 13717 15395 18860 















16474 




5725 








4136 16380 







15397 
13278 








8653 14757 



7456 12529 13567 





12485 







13609 16966 












4313 



2251 13657 
12660 18810 

2155 6302 6309 7144 10269 11786 













5257 8039 











810 


214 4739 6440 7296 12488 14129 14360 18377 18496 



















18550 



2691 13879 











11257 







12585 






















3301 4207 4486 4715 8289 12175 13073 13089 15395 15955 19245 
3710 







160 13813 18706 
10559 20049 















3461 

















4486 4715 10754 
2415 5068 5146 12594 12776 19245 
























16446 



3119 8836 17070 







8662 
8936 15651 



20121 



















8321 

















5775 6602 17504 






6520 







10707 18355 18440 19007 






3135 4979 5847 18691 






7089 7094 12045 




587 7772 18041 






3843 4756 4833 13535 13879 17440 





2281 12567 
11433 
229 348 1716 1878 2493 2583 2661 3104 3930 4133 4347 5175 5255 5775 6334 6615 6770 7532 7820 8058 8169 8255 8352 8845 9373 10570 11169 11396 11618 11954 12153 13259 13522 13597 13799 14186 15427 16128 16582 17000 17504 18939 18940 19124 19358 19433 19582 19902 19985 




12198 14267 14465 15695 15857 16427 









121 310 4224 15629 16094 17962 
12552 




















7786 15564 18939 





















2626 

18894 








14636 




7140 



3939 
136 599 2967 10285 11512 13490 14093 14539 17717 

19647 

1465 2415 3301 4043 4486 4680 4715 7332 8445 8823 10786 10841 12529 12960 13089 13262 13717 13969 13991 15395 15955 17448 18860 19245 

5195 










5092 15286 

18921 



















558 






10227 18453 19828 



6783 11604 




727 10218 15105 18407 


1334 

















6520 7835 




14551 16045 18509 20474 
5432 7951 

170 348 1716 2110 2493 3094 3930 4347 5236 5255 5361 5447 5632 5775 6334 6615 6684 6770 7984 8058 8352 8845 9373 9702 10570 11163 11169 11396 11618 11954 12153 13799 14093 14186 14356 15252 16128 16136 16339 16582 16929 17000 18939 19124 19358 19433 19582 19902 19985 








777 7089 



2155 6302 6309 7144 9822 11786 










3834 11737 18348 




72 1716 2250 2820 6233 6770 8352 8845 10172 11169 11396 11512 11954 12515 12895 13490 13597 13799 14086 14093 15446 15788 16575 17000 17795 19124 19433 19505 19902 19985 20338 







20347 
4688 18518 

4366 9281 























1716 






696 3362 4405 6112 8718 17734 18913 19301 
4293 






7894 








3450 9195 



833 
































12670 

2826 





864 1939 2061 4696 6716 19061 



















7270 

19690 







7654 14449 
















19969 



5520 








1942 









4165 








20337 


























3253 19213 












2150 11344 15979 


18873 


15615 


















19609 












12654 












5521 9928 13490 14093 16055 20049 










170 1716 2250 2493 3094 3930 5175 5236 5447 5775 6111 6334 6770 6791 8058 8352 8845 9373 10092 10256 11396 11618 12153 13597 13799 14093 14186 15252 16128 16136 16339 16582 17000 17504 19124 19358 19433 19582 19902 19985 


















17815 


15892 



1703 
6526 






115 6674 11139 12183 12203 12836 13861 15944 18120 



1628 5734 6266 12060 12883 16192 18529 19047 














1465 2415 3296 4246 4486 4680 4709 4715 7456 7630 8050 8445 10786 10841 12016 12529 12893 12960 13078 13089 13367 13717 13969 15395 15955 18860 







5378 18100 20308 


9148 12857 16049 


13319 

























281 2150 11344 11665 14771 16792 



15368 















16984 















2917 
15056 






528 1198 1717 2144 5501 7364 7475 7487 7791 8472 8720 8788 8891 9033 9581 10058 13719 15754 15879 17261 17585 17608 18355 18440 19007 19875 19992 

2852 












811 



12410 






6569 11164 11287 13224 









5213 9044 20456 










457 3071 4246 4486 4680 4715 7332 7598 8469 9962 10786 12529 13078 13089 13717 








16138 













6890 








457 834 908 914 1309 1465 1467 1598 1615 2415 3071 3131 3296 3445 3596 3862 4043 4059 4246 4486 4680 4715 4722 4908 5378 6281 7332 7456 7582 7630 7751 8050 8130 8289 8323 8375 8407 8445 8469 8823 8854 9570 10176 10623 10754 10841 10951 11185 11428 11806 12529 12789 12923 12960 13078 13089 13262 13367 13684 13717 13763 13806 13843 13969 13991 14264 14460 14829 14939 15395 15955 16818 17364 17448 18179 18390 18860 19239 






3871 12090 








5766 















348 1878 3930 9276 12791 13259 18939 18940 18963 18974 20336 






















908 1465 3071 3296 4059 4246 4486 4680 4715 4908 6281 7751 8050 8130 8289 8323 8407 8469 8823 9515 10176 10623 10786 10951 12529 12789 12960 13078 13089 13262 13684 13717 13763 13843 13969 14829 14921 15395 15955 16818 18860 

1147 2271 4651 6793 7702 8047 11780 12045 13216 13867 14870 17182 18007 18873 19866 




6317 9432 


437 3018 4979 9432 



















3945 


5743 15464 16043 16686 18285 


170 561 938 1422 1716 2493 3094 4081 5439 5467 6334 6770 8845 9383 11396 11434 11618 14163 14604 15252 16929 17245 18221 19472 19985 






































6216 







14441 






11218 







1604 4777 7918 17055 18406 

6253 


8877 



500 1052 1250 1299 2203 2261 2624 6630 7694 11663 15709 


1465 2415 3296 4059 4486 4680 8289 8469 10786 10841 13078 13089 13717 13969 15395 15955 


8873 9124 14025 


14887 









4502 



19959 

6695 



























13181 







2584 16489 

1131 



1676 







2442 8083 17784 






1032 3871 7197 12495 14490 15737 

12259 19923 






4257 



13620 
















2241 9414 

4758 19251 

9178 








13444 













1526 










11665 15979 17208 



















8445 13991 15025 18100 

















1198 2144 9581 17585 18440 19269 


754 1010 5532 6674 10604 12183 12203 12665 12836 13257 13861 15944 18120 18934 19772 19778 

15726 19322 





















2110 2493 8845 10256 16136 16657 19582 19985 
1628 3481 5734 10733 11415 13224 14721 15340 18529 




72 348 1716 2110 2250 2493 2583 2820 3930 4133 4347 4427 4528 5447 5775 6334 6602 6615 6668 6684 6770 6846 8058 8352 8845 8858 8939 9373 10092 10256 10285 11396 11618 11954 12153 12467 12515 12655 12880 12895 12971 13522 13597 13609 13799 13936 14086 14093 14163 14186 15788 16582 17000 17504 17795 18089 18221 18939 19124 19433 19902 19985 20338 











9398 



1465 3296 4486 4680 4715 10786 13089 13717 15955 



2673 9394 





14398 16077 

1318 















2150 
12857 



10931 









17268 
14400 









990 2694 2753 2956 3243 18733 20319 





6397 13333 



1994 18617 19239 







7772 9887 




3669 
4748 

2816 





















2967 7807 10733 13224 

















8206 8953 




15049 











1118 








2960 11706 












281 1037 2005 2150 10508 10663 11665 11868 14771 15979 16792 17208 18333 



















511 



























2583 2993 7807 11954 12623 13597 13799 16987 



72 170 229 348 561 938 1422 1716 2110 2443 2493 2583 3094 3930 4081 4133 4347 4427 5175 5255 5361 5447 5467 5775 6111 6233 6334 6615 6684 6770 7984 8058 8169 8352 8845 9373 9383 9702 10092 10256 10285 10570 10877 11169 11434 11437 11618 11954 12153 12515 13597 13609 13799 13936 14093 14163 14186 14356 15252 15788 16128 16136 16339 16582 16929 17000 17245 17504 17795 18221 18721 18939 19124 19320 19358 19433 19472 19582 19902 19985 20338 

18785 





1263 6153 15053 16214 16791 








7435 

458 3481 5734 11164 16192 18529 


5596 20080 









4246 4680 4715 8823 10786 13717 20182 




10091 
170 561 1422 1716 3094 4081 5467 6334 6770 8352 8845 9383 9702 10877 11396 14604 15252 16929 17000 17245 18721 19320 

17349 
170 938 1716 3094 11396 14163 16929 

1278 1282 12460 15520 16244 






5623 18396 




















696 3362 6112 18913 





4133 13056 16128 19433 19985 







6567 





45 









14003 














136 599 2250 10172 10285 12515 14086 14093 16575 17717 















18237 

19348 





















6480 18230 





8158 12128 13455 








4775 11959 15998 

















440 


















10222 













229 348 561 938 1232 1422 1716 1977 2110 2443 2493 2583 2820 3094 3104 3930 4081 4133 4347 4427 5255 5361 5447 5467 5775 6334 6572 6582 6615 6770 7406 7984 8058 8169 8255 8352 8845 9243 9373 9383 10092 10256 10570 10877 11169 11396 11954 12153 13259 13522 13597 13609 13799 13936 14100 14163 14186 14356 14604 15252 15424 15788 16582 16929 17000 17245 18221 18939 19124 19358 19433 19472 19582 19902 19985 



16510 












2969 














1642 4721 8070 16180 18622 


13780 




8878 



6283 
500 1052 1250 1299 2077 2203 2261 2624 6630 7694 10948 15709 

281 1037 2150 10663 11098 11344 14771 15979 16792 18294 18333 





862 1010 3483 3902 5532 6217 6674 7791 8234 12146 12665 14223 18058 18120 19204 19778 










6997 7120 






1948 14257 17881 



13724 












2960 11331 


8047 



7883 























3834 10280 18348 





























13717 












777 814 1147 1396 1597 2271 2402 2409 2997 3351 4493 4521 4651 5007 5373 5707 6793 6828 6959 7089 7094 7227 7702 7772 7904 8047 8085 8091 8944 8981 9253 9304 10843 12001 12045 12348 12405 13216 13436 13867 13950 14459 14601 14870 15270 15708 15851 16266 16347 16740 16992 17117 17151 17182 18007 18768 18873 19050 19403 19866 20195 





2155 6302 6309 7144 9822 10269 



















834 1309 1465 1598 2415 3296 3445 4238 4680 4715 4898 6281 7456 7630 8050 8445 8469 8823 10786 12529 12960 13089 13567 13684 13717 13763 13843 13969 13991 14829 15955 19239 19854 


4688 9126 12139 



1279 




9623 





1793 6200 7677 



















766 




3363 










14573 







33 11344 

361 11988 14441 






















































1107 
















12981 16080 
17003 










72 1716 2110 2250 2493 2583 2820 2993 3930 4133 4347 4427 5175 5447 5775 6233 6334 6602 6615 6668 6684 6770 8058 8352 8845 8858 8939 9373 10092 10256 10285 11169 11392 11396 11618 12153 12467 12515 12623 12880 12895 12971 13597 13799 14086 14093 14186 14356 15788 16128 16136 16582 17000 17717 17795 18221 18894 19124 19358 19433 19582 19902 19985 20338 




4775 11567 




























361 11870 14441 












11780 














4680 4715 6281 8445 10623 13969 13991 15395 




4593 18573 



















12333 



814 1147 1396 2271 2402 2409 2997 3351 4493 4651 5373 5707 6793 6828 6959 7089 7094 7206 7227 7702 7772 7904 8047 8091 9253 9304 9658 10072 10843 11780 12348 13216 13436 13867 13950 14459 14601 14870 15270 15851 16266 16740 16992 17117 17151 17182 18007 18768 18873 19403 19866 20195 














10608 12883 









599 14622 16575 
















17135 
13559 

3871 10793 12353 







19475 





























8158 11558 13455 

4878 








4688 9126 11809 18518 






1010 5532 6674 7791 11671 17070 18120 


5247 12654 15782 18337 19760 20306 20370 

14717 

229 348 1716 1878 2493 2583 2661 3104 3930 4133 4347 4528 5175 5255 5447 5632 5775 6111 6233 6334 6602 6615 6770 6791 6846 7532 8058 8169 8255 8352 8645 8845 9373 9702 10092 10256 10570 11169 11396 11618 11954 12880 13259 13522 13597 13799 14093 14186 14356 15427 15788 16128 16136 16582 17000 17504 17795 18939 19124 19358 19433 19582 19902 19985 


251 18479 











7667 




4486 14610 

9918 19245 


9306 13149 13813 16045 20474 




6674 10604 11139 12203 12836 15944 









1915 2214 13106 15755 18789 19583 19949 




1637 5750 5988 10097 15695 16308 17355 




754 1010 2794 6674 9292 10604 11139 12183 12836 13257 13861 15847 15944 18120 
2975 6279 7176 7784 18067 18798 

3462 




306 332 4569 14568 










1278 1282 6183 12460 16244 18200 




7238 12451 18355 




6762 






4028 

1939 4696 6716 7217 9524 13233 19061 











9389 9415 

14227 


4680 4715 8469 13089 14939 
3014 11032 19923 
















19586 

















214 7296 12488 14129 18377 




7744 
12880 








3410 








9004 



607 864 1939 2061 2999 6716 7345 9524 14130 15073 16295 17115 19061 










12041 














1147 2271 2409 3351 4651 5373 5707 6793 6959 7089 7094 7206 7227 9253 9658 11780 12045 13612 13950 14678 14870 15270 15851 16740 17117 17151 18007 18768 19403 20195 




12090 






2841 


18286 






20279 


































5707 11780 




10726 








2283 17860 








4216 






















12227 




18575 



1278 1282 1517 4461 6183 11439 12222 16244 18200 18328 






72 1716 1745 2250 5447 6602 8352 8939 11169 11954 12895 13597 14093 17795 18089 18894 19124 







8575 









9794 


214 4739 5461 5520 6440 7296 9851 12294 14129 14757 18377 18496 






3871 11030 18964 








33 










72 599 1716 1836 2250 2493 2597 2820 2967 4427 5447 6233 6602 6615 6668 6684 6770 8352 8845 10285 11169 11396 11512 11954 12895 13490 13597 13609 13799 14086 14093 14539 14622 15252 15446 15788 16339 16575 16582 16929 17000 17717 17795 18089 18221 19124 19320 19433 19902 19985 20338 













834 908 1309 1465 1598 1615 2415 2502 3071 3296 3445 4059 4246 4486 4680 4715 4908 6281 7011 7332 7598 7630 7751 8050 8130 8323 8375 8407 8445 8469 8757 8823 9788 10176 10623 10754 10786 10841 11806 12789 12923 12960 13078 13089 13262 13367 13684 13717 13763 13843 13969 13991 14264 14829 14939 15395 15955 18860 19239 19854 20341 





5237 
















10108 








12783 





10090 







1430 









9895 

260 


17608 18440 
138 14348 17007 19468 


5146 9963 19245 




























2993 11392 11954 16987 


17784 





16840 















2283 17860 





5247 10546 12149 15782 18337 19760 20306 20370 
11169 




9820 18810 




1010 5532 11139 11671 14223 18934 19772 19778 




10381 
















7573 16336 17089 












18128 









17973 


















15979 
5711 6137 20421 


















16266 







2896 


















2415 4715 8445 9963 13717 13991 15395 




19694 

12561 





908 3071 3296 4059 4246 7582 8469 10786 10841 12529 12960 13078 13717 14829 

1878 10818 13259 16860 


3041 13178 13869 



























6259 13950 15049 18768 













115 1010 6674 9292 10604 11139 12183 12203 13861 18120 18934 19778 









1628 5449 5734 14010 










9148 10634 11214 






















2583 5447 6602 8858 11169 11954 12153 12300 15446 17795 19985 


5734 6926 10608 12060 14232 15086 15913 18529 19047 






8177 


2415 2502 4486 4680 4715 7332 7456 8469 10623 13078 13089 13843 15395 18390 18860 

1716 2820 4528 6233 6684 8845 8939 10285 11169 11954 12467 12515 14093 15788 18894 19124 19902 19985 






















17334 




3071 4246 4908 7332 7402 7751 8854 10786 12529 12960 13078 13089 18698 19157 
































1508 4908 7456 14500 17020 20016 



834 908 914 1309 1465 1598 1615 3071 3296 3596 3865 4059 4246 4306 4486 4680 4715 4908 5378 6281 7456 7582 7630 7751 8050 8375 8407 8469 8823 8854 10176 10623 10786 10841 11806 12529 12789 12923 13078 13089 13262 13367 13567 13684 13717 13763 13969 14264 14460 14829 15955 16818 16954 18179 18860 19239 




3104 

4133 20042 



2993 8939 11169 11954 









11942 







6724 15491 






4865 5538 

14693 












4703 



1654 2873 9684 14827 18749 20435 












595 



14993 15412 

26 2171 2426 




















7743 
11473 13799 




19832 





4738 



13969 18100 

3301 4486 4680 4715 5146 7332 8289 9918 13089 13717 19245 



13898 
908 1465 1598 2415 2502 3071 3296 3445 4059 4246 4486 4656 4680 4715 4908 7332 7582 7598 7751 8050 8289 8323 8407 8469 8823 8854 10623 10754 10786 10841 10951 12529 12789 12893 12923 12960 13089 13262 13367 13684 13717 13843 13969 14829 14939 15955 16818 17448 18390 18860 19026 19239 










457 908 1465 1598 2415 2502 3296 3301 3445 3596 3862 4043 4059 4246 4486 4539 4656 4680 4715 4722 4908 5146 6281 7011 7332 7456 7582 7630 8050 8289 8323 8375 8407 8445 8469 8823 8854 8982 9515 9736 9918 10176 10623 10754 10786 10841 10951 11185 11806 12258 12529 12893 12923 12960 13073 13078 13262 13367 13684 13717 13843 13969 13991 14460 14542 14829 14939 15395 15955 16818 17448 18179 18390 18860 19239 19245 20182 20341 



2826 8278 13473 19713 
6410 17991 18334 








3253 3976 5011 19213 


529 1915 2214 3834 12193 15755 18789 19583 19949 


18873 













4395 15854 16418 






1221 3968 9312 17189 20036 









1401 








955 12178 13813 17277 




























3041 12794 13869 


451 2233 11001 16549 16846 










4117 























2271 2409 5707 6793 7089 7094 7702 8091 9253 10843 11780 12045 13950 15270 







136 458 1154 2372 3481 5734 6569 7807 10733 11164 11287 16759 








6716 7217 9524 12241 19061 























1010 11139 12203 13861 18120 18934 19772 19778 

348 1878 3930 4347 5775 6602 7532 8058 8645 9373 10092 10818 11618 12153 12791 14186 15427 18904 18939 


1465 1598 2415 3296 4043 4246 4486 4680 4715 4722 6281 8050 8323 8823 9736 10176 10786 10841 12529 12960 13078 13089 13717 13763 13842 13843 13969 13991 14829 14939 15395 15955 18860 19854 


13828 












6913 7156 7669 8576 9775 


14581 

2711 





















13425 17011 













10637 













4945 11245 







13678 

























1309 1615 3071 3445 4059 4246 4486 4680 4715 7332 7456 8130 8289 8375 8823 9515 10623 10786 12529 12960 13078 13089 13684 13717 13969 16818 19239 




102 630 8462 
1508 14500 17020 













13766 19300 



1979 6413 














3410 









5633 







2997 
1076 9352 13305 17011 








7656 

3351 5707 8047 11780 12045 13950 14601 15049 17117 




6555 16174 


11073 



15891 






8158 11558 12128 

















13093 

4865 














72 136 599 2250 2597 2967 5166 6117 8845 10172 10285 10559 12515 14093 14539 14622 16128 16575 19985 20049 20338 


















5176 

4598 










348 3930 6582 6846 8058 10092 11169 11618 12153 14186 18939 19358 












630 3843 4756 10084 14452 


5637 14287 15179 15182 15187 










1269 14371 14852 









12088 





1172 

834 1309 4238 6281 7011 7456 7630 9788 11806 12960 13684 13717 13763 13969 

























15854 
15186 


1716 2250 2583 3930 4133 4347 4427 5175 5447 5775 6602 6615 6684 6770 8058 8352 8845 8939 9373 10092 10285 10570 11169 11392 11396 11618 11954 12153 12467 12515 13799 14093 14186 15446 16582 17000 17795 19124 19433 19902 19985 




2420 20080 






72 561 938 1422 1716 2493 3094 4427 5361 5447 5467 6334 6770 8352 8845 9383 9802 11169 11396 11618 12515 14163 14356 14884 15252 16339 16929 17528 18221 18721 19124 19472 19985 


12348 
17886 






11043 


























19637 









9819 











5207 
9110 




9059 


13341 





834 1598 3445 4246 4680 4908 7456 7630 8050 8375 8469 8823 9604 10786 10841 11806 12529 12960 13078 13089 13367 13567 13717 13763 13969 14829 16818 










6557 


















14785 


908 1309 1465 1598 2415 3071 3296 3445 3596 4043 4059 4238 4246 4486 4539 4680 4715 4908 6281 7011 7332 7456 7582 7630 7751 8050 8130 8289 8323 8375 8407 8445 8469 8823 9515 9570 9736 10176 10623 10754 10786 10841 10951 11185 11428 11767 11806 12529 12776 12789 12960 13073 13078 13089 13262 13367 13567 13684 13763 13843 13969 13991 14264 14460 14829 14939 15395 15955 16720 16818 17364 17448 18179 18860 19239 19854 

9581 10707 19992 




5719 11693 






































1465 2415 3296 3862 3865 4043 4680 4709 4715 6281 7630 8407 8823 10786 10841 11806 12529 12960 13262 13567 13684 13717 13969 13991 15395 18860 19854 


511 3444 4696 13387 18963 


3204 6429 



9535 15455 






11653 





630 14600 












1716 2493 2583 3930 4133 4347 4427 5175 5447 5775 6233 6615 6770 7820 7984 8058 8255 8352 8845 8939 9373 10092 10256 10285 10570 11169 11392 11396 11618 11954 12153 12515 13056 13597 14086 14093 14186 14356 15252 15608 15788 16128 16582 16736 17000 17504 17795 18939 19124 19433 19582 19902 19985 






10786 






9306 9927 12178 13149 18706 














13265 



3020 









13262 15010 18860 
1465 2415 3862 4043 4246 4486 4680 4715 4722 6281 7332 8050 8289 8323 8407 8445 8469 8823 9515 10786 10841 11806 12529 12893 13078 13089 13262 13717 13969 13991 14829 14939 15395 15955 17448 18860 19239 

















10604 11139 12203 12836 13257 



17092 20113 

2271 3351 4651 5373 5707 6793 7702 8047 9253 10843 11780 12045 14870 15708 17182 

3041 7311 12794 13178 




18768 




102 630 3843 4756 8182 9875 10084 17440 


1366 


17293 19283 




18080 


2493 9373 




13077 








4256 






4776 





















561 938 1716 2493 5467 6770 8352 8845 11169 11396 11618 14163 15252 16929 17245 18221 19472 19985 
17784 









15695 

1764 
1597 2271 2409 2997 3351 5707 6793 7089 7094 7702 8047 8091 9253 11780 12045 12348 12822 13216 13436 14678 14870 15851 16740 17117 17151 18007 18768 19403 20195 










2681 







908 1309 1465 1598 2415 3071 3296 3445 3865 4043 4059 4466 4486 4680 4709 4715 4722 4901 5378 6281 7011 7332 7582 7630 8050 8289 8323 8445 8469 8823 10176 10623 10786 10841 10951 11806 12016 12529 12960 13071 13078 13089 13262 13367 13567 13684 13717 13763 13843 13991 14264 14404 14460 14829 14939 15395 15955 17364 18100 18179 18860 19239 19854 20186 


924 17691 


















1309 1465 2415 3301 3445 3862 4486 4539 4656 4680 4715 4901 6281 7630 8050 8289 8445 8469 8823 9515 10176 10786 11118 11806 12016 12529 12776 13089 13262 13717 13763 13843 13969 14460 14939 15395 15955 18100 18860 19245 19854 






653 


14835 

11497 






1628 5734 12846 14267 14465 14721 15615 17791 














2103 9124 10954 





6539 











4347 5775 8169 18939 













15432 








3027 14965 





7883 












8836 16333 17070 
2250 5447 6233 10285 11169 11512 11954 12515 13799 14093 15446 16355 17717 17795 19124 19985 





6283 
136 599 1716 2110 2250 2493 2597 2967 4133 4528 5175 5447 6111 6117 6233 6564 6602 6684 6770 8058 8352 8845 8939 10172 10256 10285 10559 10570 11169 11396 11512 11954 12153 12467 12515 12895 13490 13597 13799 14086 14539 14622 15446 16128 16136 16575 16582 17000 17717 17795 18894 19124 19433 19582 19902 19985 20049 20338 






2493 6770 11618 16582 















15749 








18281 

18510 

214 4739 4854 5461 5520 6440 7296 8653 9851 12294 12488 14360 14757 17928 18377 18496 
607 4429 12322 15091 17115 
17501 
136 2967 7807 




















1706 2064 8431 9510 









561 938 1422 1716 2443 2493 3094 3930 4081 4133 4347 4427 5447 5467 6326 6770 8169 8352 8845 9243 9383 10877 11169 11396 11437 11618 13609 13936 14604 15252 16929 17000 17245 18221 18721 19124 19433 19472 19985 






















348 938 1422 1716 2493 2583 3104 3930 4133 4347 4427 5175 5255 5447 5775 6334 6572 6582 6615 6770 8058 8169 8255 8352 8845 9373 10092 10256 10570 11169 11396 11618 11954 12153 13259 13522 13597 13799 14356 15427 15788 16128 16136 16582 16929 17000 17245 17504 17903 18939 19053 19124 19358 19433 19582 19902 19985 













18699 








16467 













862 1010 2962 3483 3902 5532 6121 7484 7791 8234 11671 12665 18058 18120 19204 



12255 
3362 5068 7536 16975 19301 
15230 


12883 













14663 






7362 



1948 11689 17881 






908 1465 3296 7630 8050 8469 10786 12529 12960 13717 13969 14829 


10097 14010 14465 15615 16755 



















5637 13538 15179 



15182 


















5557 










14679 








2204 7925 








539 2015 2248 8246 19969 








8883 12591 15998 







1422 1716 2493 3930 4347 6334 6615 6770 8352 8845 9373 10256 11396 11618 11954 12153 13609 13799 14186 16136 16582 19124 19358 19985 
6722 


4739 6440 9851 14129 14757 17864 18496 



1975 


4457 



13549 

























5585 
6262 8285 11195 16077 

11229 



4246 13969 












8876 17622 19279 








8909 






18446 







361 10924 11870 11988 
6770 

17830 




6246 7654 10419 


3843 4756 13535 

214 377 5633 8286 8833 



4625 
2409 7094 11780 12045 
6281 8445 10786 12960 13089 13717 13969 13991 14829 15395 15955 




1628 10097 14010 14267 15615 
























1032 7197 11030 15737 









1508 7456 12956 13373 15429 16617 17020 20016 







5707 8047 14678 18873 














7811 18749 















599 2967 10172 12515 13490 14093 14622 16575 20338 


1465 4680 4715 8469 13089 






239 

10253 15405 16045 18509 20474 
















306 332 4569 12211 




6561 8060 11860 







13281 


















13786 17440 
2409 5707 9253 11780 12045 13436 


561 938 1422 1716 1977 3094 4081 5467 6770 9383 10877 11434 11618 14163 16228 16929 17245 19472 





12173 











72 6668 12070 12515 13490 14093 14539 14884 16575 20338 













10162 


















256 







5242 14246 




9352 16336 




5271 




5707 8047 12348 13950 14508 
14321 





1338 






547 
12998 






















2221 4343 8341 
1681 1978 2109 12151 
6768 


1628 5734 11164 14010 17791 













15831 


2975 













19964 




214 4739 5461 6165 6340 6440 7296 8653 9784 12488 14129 14360 17928 18377 18496 

7456 






19694 

15743 


33 281 2150 10663 11344 11665 15979 16626 16792 17208 18294 19728 






3334 20474 





15329 
13714 
975 18141 






















6072 







18425 









1654 2873 9684 13015 18749 20435 

908 914 1465 1598 3071 3296 4246 4680 4715 4908 6281 8050 8323 8823 10786 10841 11806 12529 12789 12960 13078 13089 13262 13684 13717 13843 13969 14264 14460 18179 





14001 






8953 









13549 





2111 











1147 2271 2409 3351 5007 5373 5707 6793 7089 7702 8047 9253 10843 11780 12045 12348 13867 13950 15708 16740 18007 18873 19403 










2493 6334 8845 19985 


8845 13609 14622 16339 


10957 



























7749 





1465 10841 

7131 20280 















2415 2502 3301 4043 4207 4246 4486 4680 4715 7332 8050 8289 8445 8823 10786 12258 12529 13078 13089 13262 13717 13843 13969 13991 15395 16682 16818 17344 18390 18860 19245 19854 



18258 





















3027 14066 











1540 



5257 8741 











13032 








9563 


8745 




13842 














11118 






7199 




8829 







8873 
9325 


11310 12822 13436 



1263 6153 9138 11404 


10700 17226 17603 







2896 5370 18290 








864 1939 2061 6716 12322 19061 












12883 




4722 14130 17115 











15233 

10227 




























3797 9430 




























18352 





5960 
17727 19512 20113 








4574 5637 13538 14287 


13538 14291 
16081 


7053 13594 16012 
13538 















33 2005 15520 16111 18315 
























1051 1317 3435 

14229 


15103 



6028 














170 561 938 1422 1716 2110 2493 3094 4081 4133 4427 5216 5361 5439 5447 5467 5775 6111 6334 6615 6770 7984 8352 8845 9373 9383 9702 10256 10570 10877 11396 11434 11618 12515 13609 13799 13936 14163 16128 16136 16339 16582 16929 17000 17245 18221 19124 19433 19902 19985 

















1147 2271 2409 3351 5373 5707 6793 7089 7702 9253 11780 12045 12348 13216 16347 18007 20195 
2845 

4379 












10189 19964 






















7494 



7270 














1387 8763 9533 
14784 










458 1154 5449 11164 18529 



























10667 










440 












19039 


908 1465 2415 2502 3296 3301 3862 4043 4207 4486 4539 4680 4709 4715 4722 5029 5146 6281 7299 7332 7456 7630 8050 8289 8407 8445 8469 8823 8982 9515 9736 9918 10176 10623 10786 10841 10951 12016 12529 12776 12893 13089 13262 13717 13763 13843 13969 13991 14460 14939 15955 16720 16818 17448 18390 18860 19245 19854 20186 20341 

9774 







14551 




8185 

13032 











11618 


348 1878 3104 3930 4133 4347 5175 5255 5775 7532 7820 8058 8255 8645 9373 10092 12153 13259 14186 16904 18939 19902 
8958 
3362 5898 7456 14500 16617 

20018 
14057 18078 













2250 5447 6602 10285 12515 12880 13597 14086 14093 17795 








5650 13773 








5743 10874 16039 16043 16686 18285 


























12989 




























1282 2266 9630 11439 15203 16626 18315 19694 19728 19955 





















8772 





















10129 18476 18643 











1282 18328 19694 















5957 17622 19279 









1345 





13799 






1628 3693 10514 14010 14267 14465 15695 15857 16427 




1154 








121 310 10107 


6129 






1046 











8936 9714 10001 








































8778 


1099 1628 3693 6124 10097 12198 13947 15615 15857 




16121 







1147 5373 6793 11780 13867 14870 
500 1052 1250 1299 2203 2261 2624 6630 7694 10948 11663 
















11141 19322 

9306 17277 





7406 


1032 7197 11030 14490 





14768 





2620 14116 




528 5501 8472 9581 10707 17585 19992 
1915 12193 13106 18789 19583 
















3976 
1150 19773 








5247 12149 12654 18337 19760 20306 20370 





1716 3920 4347 4528 5775 6615 8058 9373 10285 11169 11396 11618 11954 12153 12515 12895 13799 14186 17795 19124 19985 


8845 19433 19985 



























1169 6283 16184 











14735 








15841 
15840 





12203 



2409 2997 3351 6959 7089 7094 11780 12045 12348 13950 19403 20195 


13123 13593 16418 


1628 6266 10097 15615 15695 16427 17791 





















528 8472 10707 17585 











13448 18866 
10592 
7719 17284 












5313 






5734 6926 12883 19047 



6818 











865 16988 












6641 

1010 6674 10604 11139 12183 12203 18120 









8896 
457 1465 2415 3296 3862 4043 4486 4680 4715 6281 7332 7582 7630 8050 8289 8407 8445 8823 9570 9918 10176 10623 10786 10841 10951 11185 11806 12529 12960 13078 13089 13262 13717 13843 13969 13991 14460 15395 16818 17448 18390 18860 







7617 















2005 2150 10508 11098 11344 11665 12729 14771 


















3286 4176 11567 14348 





17727 







7053 15186 















4722 










15464 16686 



5743 10874 15464 16686 18285 

3334 9306 10253 12178 14551 17277 20474 


686 1298 1387 4295 6419 
9148 10634 





10559 

2786 9221 



















6262 8285 11195 14398 


11942 
15183 





7175 






10107 
















15203 16626 









6429 15700 






136 170 1716 2493 4133 5175 5216 5361 5447 6334 6770 7984 8058 8845 10092 10256 10570 11396 11473 11954 12153 13490 13799 14093 14186 15252 16136 16582 17000 19124 19433 19582 19902 19985 
6222 
2770 





348 1716 2110 2493 3930 4144 5175 5255 5632 5775 6111 6334 6615 6770 7984 8058 8352 8845 9373 9702 10256 10570 11163 11396 11954 12153 14093 14186 14356 15252 16128 16339 16582 16657 16904 17000 18643 19433 19582 19902 19985 

10763 
















4486 



1476 










8782 
5707 16992 18873 


5799 6555 13441 





1642 4721 8070 11650 18622 



1169 15819 







1628 5449 5734 6266 10608 11415 17791 18529 

















7118 19806 



6153 11404 









1118 3126 



561 938 1422 1977 5467 6770 9383 14604 16929 17245 












18012 


1278 1282 6183 11439 12222 12460 18200 





















2409 2610 6828 7089 7094 9253 11780 12045 12749 17151 19403 




























7345 12322 17115 












12198 17355 












5711 6137 18806 18944 





17495 17744 





8836 14085 17070 


7573 9352 12687 14668 


1716 2110 2250 2493 2597 3094 4427 5236 5447 6111 6684 6770 7984 8352 8388 8845 9373 9702 10256 10570 11396 12515 13609 14884 15252 16136 16582 16929 17000 17528 18221 18721 19124 19433 19582 19902 19985 







8091 9253 11780 15270 







2250 4571 14086 
























9766 

























9000 











7960 13123 15854 




1466 2504 4764 8672 



10097 15615 15857 


















9988 




















14209 






9752 20507 













17481 
2584 11009 















2131 




11622 




6172 18550 

17005 
19524 19825 






























2233 13181 


18694 


18545 



















72 599 2250 2967 5166 6117 6668 8845 10285 11512 12070 12515 13490 14093 14539 14622 20049 20338 




2112 3859 6004 7843 

938 1422 1716 2493 2583 3930 4133 4347 4427 5175 5361 5447 5632 5775 6233 6334 6615 6770 8058 8255 8352 8845 9373 10092 10256 10570 11169 11396 11618 11954 12153 12515 13597 13799 14093 14100 14186 14356 15252 16128 16136 16339 16929 17000 17245 19124 19358 19433 19582 19902 19985 







18345 


























7456 14500 15429 








33 9630 14771 15520 16111 19728 


18446 






6908 


7524 18876 

8146 














20468 
348 3345 3930 6615 9373 11163 16136 16904 18643 18939 19582 19985 








534 6553 


6222 9365 












3301 4043 4207 4413 4677 4715 8226 14939 17344 20389 



5743 10874 15464 16039 16043 18285 

































4539 13717 15395 








849 



4806 


13799 



2271 2409 5707 6793 7089 11780 12045 12348 13950 14870 18007 19403 20195 














14267 

1309 

5734 13224 

3479 

19035 



























6153 11404 
281 10663 11344 11665 14771 












9325 19217 












2415 3445 4246 4486 4680 4715 7332 8050 8289 8375 8407 8469 9515 10786 10841 12960 13078 13089 13367 13684 13717 14939 15395 15955 17448 




20027 
















12632 



1628 18529 

13181 





1536 




7680 


6602 12791 







1038 2252 5585 6762 




19969 






























4347 5775 9373 15427 16136 16657 18476 18643 19582 

9690 


17334 18980 


















1787 
72 170 561 938 1422 1716 1977 2443 2493 2583 3076 3094 3930 4081 4133 4347 4427 5361 5447 5467 6233 6326 6334 6615 6770 8352 8845 9243 9373 9383 9702 10256 10877 11396 11434 11437 11618 12515 13609 13936 14163 14186 14604 15252 16228 16339 16582 16966 17000 17245 18221 18721 19124 19320 19472 19582 19985 
























4059 4246 12960 




2950 


729 



9802 16929 








3362 4405 8829 14228 17734 19301 








10683 

1416 
11392 12623 
15929 



5707 9304 11780 12045 16171 







170 938 1422 1716 2110 2250 2493 2583 3094 3930 4133 4427 5175 5255 5361 5447 5775 6111 6233 6334 6615 6684 6770 6791 7984 8058 8352 8845 9373 9702 10092 10256 10285 10570 11169 11396 11434 11618 11954 12153 12515 13597 13799 14093 14163 14186 15252 16128 16136 16339 16582 16929 17245 19124 19320 19358 19433 19582 19902 19985 


11943 

1350 16517 

8883 12591 



13305 13425 








7456 12956 13373 14500 20016 






2273 5332 


4688 
























10939 














3119 8836 8990 9992 12146 14085 16333 


















12687 


8725 13865 


18786 



















607 1939 7345 12322 14130 15091 16295 19061 

2271 2409 3351 3668 5707 7089 11780 12045 12348 13436 13950 18873 

















12087 















3351 4493 5707 7089 7094 8091 9253 11780 12045 12348 13950 16266 19403 












5174 














17472 


1147 1597 5707 6793 8047 10843 11780 12045 13867 19403 19866 






3968 13130 20036 


















11098 11344 14771 18294 

















15056 


















229 561 938 1422 1716 1977 2493 3094 4081 4347 4427 5467 6334 6615 6770 8845 9243 9373 9383 10877 11396 11434 11618 13936 14163 14186 14604 15252 16228 16582 16929 17000 18221 19320 19472 19985 















1198 1717 2144 7487 8891 9581 10707 19269 


952 



11228 







9178 
955 9306 13149 15728 16045 20474 





217 4548 
7719 15893 








13885 19283 


20382 














5665 



20446 


















12918 16909 









3301 4043 4207 4413 4677 4715 8226 14939 16682 20389 
4587 



11436 18723 





12198 16308 








4680 10786 13717 13969 

























8035 

























4945 


6029 




















3843 4756 4833 10084 13879 14600 19474 


6481 




2415 3301 3445 4043 4238 4486 4680 4715 7332 8407 10176 10786 13078 13089 13717 13843 15395 15955 16818 18390 18860 























17179 
17611 







16488 

4017 6577 9635 18069 
5561 










16327 17744 



5535 

14131 


1716 5255 5775 8169 9373 10043 10092 10570 11169 11396 12153 13799 14186 19358 19433 19902 19985 

5501 8720 9581 17608 18355 















9675 


8282 
3104 8645 19283 

13609 16339 


9502 

6821 7101 18734 










































4711 19662 








528 1717 5501 7475 7487 8472 8720 8891 9581 10707 11136 15754 15879 17608 18355 18440 19007 19875 19992 







8672 









15056 




528 5501 8472 9581 10707 12590 17506 17585 18355 18440 19007 19875 19992 


17473 

2775 








5957 14417 15592 19279 















































17696 







7299 












924 6489 13972 




17670 




















136 599 2967 10172 11512 11954 12515 14086 14093 









15170 16004 






696 3362 10327 16975 18913 


7037 






16327 17495 





6973 

































1871 2442 8083 11023 12626 13937 19328 

19247 




1628 1998 4451 5734 6266 14010 14721 15857 16192 


9601 18872 
1716 2250 2583 4528 5447 5775 6233 6602 6615 7532 8939 10285 11169 11396 11954 12153 12467 12515 12880 13597 13799 14086 14093 15446 15788 18089 19124 19902 



















10589 
9248 



2268 

8566 







14444 





























2283 12419 12648 



14360 






18440 









1948 11689 14257 
5480 



9535 13613 
















348 14186 18939 

19040 








5603 9674 













4739 4854 14129 14757 18496 









4979 5847 
5650 






















121 310 10107 

18208 


6014 





12710 


2221 5891 





5553 

1242 






1592 6410 13094 18334 
3362 





4875 




20512 



2271 2409 4493 4651 5707 6793 7702 8047 9253 10843 11780 12045 12348 13950 14870 15270 16740 18768 20195 




2140 16241 
















554 7431 











587 7772 10077 
















862 1010 5532 7791 11671 14223 
5378 







6279 7176 7784 12204 

4017 6577 9527 9635 17483 








15432 

13890 








1716 1745 11169 12467 12515 17795 20338 







4556 


1467 2415 3865 5378 8226 8445 10631 11118 13071 13969 13991 20308 



















1010 5532 6217 6674 10604 11139 11671 12146 12203 12836 13257 14223 15944 18934 19778 





4574 

12700 






20364 





975 14786 



3453 

































4059 4246 4680 7332 7751 10786 12960 13089 13717 13969 14829 
















18429 


2470 
1282 6053 6183 12222 12460 16244 


6886 




17964 












72 938 1422 1716 2493 3094 4427 5361 5447 5467 6454 6684 6770 8352 8845 9383 10877 11169 11396 11618 11954 12515 13609 13936 14163 15252 16339 16929 17245 18721 19124 19472 19985 20338 







1298 6419 8388 
6480 11552 






11528 
















9306 



14943 



















19288 20473 


14125 



5743 10874 15464 16043 16686 
12363 



15064 


3098 4733 
33 2005 11665 14771 17208 















1601 
1508 



33 9630 15203 15520 19694 19955 












1282 12460 15576 19694 




11344 11665 
1592 6410 13094 17991 


5247 12149 12654 15782 19760 20306 
96 






6734 16590 

621 2295 6349 8463 
3834 10280 11737 



2144 15163 19269 


528 1717 4577 5176 5501 7238 7475 7487 8472 8720 8788 9033 9581 10058 10707 12227 17506 17585 17608 18440 18916 19007 19875 19992 





















214 4739 5461 5520 6440 7296 9851 12294 12488 14129 14757 18496 








341 



2415 3862 4486 4656 4680 4715 10786 12893 13078 13089 14939 15395 15955 17448 18860 





619 5623 11446 20051 









1604 10939 
727 1628 6266 10227 
7680 



7630 20186 












949 14817 



9702 18196 19985 










1198 2144 4577 5501 7475 7487 8472 8788 9033 9581 10058 10707 11136 12590 17585 17608 17871 18355 18916 19007 19875 19992 



1717 

14433 16629 






10218 













19398 








15564 16904 


251 1409 2829 12156 












5453 



214 4739 4854 5461 6440 9851 12488 14129 14360 14757 17928 18377 



608 1658 








10253 14551 
14127 







1505 4688 10294 12139 










1628 3481 5449 5734 6266 8163 10608 11164 11415 12883 15340 16192 16844 















8363 16555 




152 6172 6691 9871 16515 

















19551 




4593 12021 

3074 12456 


























225 







1369 






11249 


162 18798 

1642 4721 8070 11650 16180 


















3518 

348 1212 3345 6572 7395 7786 9373 15564 16136 16657 16904 18939 19985 













294 








2315 20267 


8845 19433 19985 





















6317 9432 10065 


16552 



834 1508 4246 4908 5848 7402 12923 19157 
14200 





20025 
160 5211 9927 13813 





6482 6555 19323 








938 1716 3094 5361 6770 8845 11396 11434 13609 14163 16339 16929 18221 

8681 17349 









990 2694 2753 2956 3243 11239 18747 19307 
6821 7101 17533 












990 2694 2753 2956 3243 18733 19307 

1654 2873 7811 9684 13015 14523 14827 20435 










19893 19989 







4521 7904 11780 12045 12348 12822 13874 13950 18007 





19258 










11398 
17095 20098 


12193 13106 15755 19583 








2975 7176 7784 12204 18620 







16321 



587 7772 9820 12660 

















































1465 2415 2502 3296 4043 4059 4246 4486 4539 4680 4715 7332 7630 8050 8407 8469 8823 9515 9736 10176 10623 10786 10841 12529 12893 12960 13078 13089 13262 13717 13763 13842 13843 13969 13991 14939 15395 15955 17448 18390 19245 





15891 





9601 17794 
1147 2271 2409 3668 5707 6793 6828 7089 7702 8047 10511 10843 11780 12045 13109 14508 14870 16171 17117 19403 


16639 















5378 20308 

136 4528 6564 7807 10153 11954 12467 12895 14093 19124 









13259 18939 







5561 
696 3362 6112 8592 10327 11467 17734 


18355 18440 




10191 









19315 
240 

1010 5532 11139 12665 12836 13257 18120 19772 19778 


2846 

348 1716 1878 2110 3104 3726 3930 4133 4347 4427 5175 5255 5775 6334 6572 6582 6602 6615 6770 7406 7786 7984 8058 8169 8255 9276 9373 10092 10129 10256 10818 11169 11396 11618 12153 13259 13522 13799 14043 14186 15427 16657 17903 18643 18904 18974 19358 19433 19582 19985 
511 3444 4696 6398 8703 10092 10818 18963 18974 19433 



6137 16321 











2059 





19840 
511 1878 3444 6398 10818 13766 18940 
12495 









1878 10818 18939 18940 





16909 

3194 
























528 1717 5501 7475 7487 8472 8720 9033 9581 10058 10707 17585 17608 18355 18440 19875 19992 


















1467 13078 








16763 



15392 
17905 






2372 5734 10608 12883 15913 


5373 6793 11780 


348 4347 9373 14186 







607 864 1492 1939 2061 4696 6716 7217 7345 9524 10389 12241 12322 13233 15073 17115 















7716 























52 5974 






















72 1422 1716 2110 2250 2493 2583 2820 3094 3930 4133 4347 4427 5175 5361 5447 5775 6233 6334 6602 6615 6668 6684 6770 8058 8352 8845 8858 8939 9373 10092 10256 10285 10570 11169 11396 11618 11954 12153 12467 12515 12895 13597 13609 13799 14086 14093 14163 14186 14356 15252 15788 16128 16339 16582 16929 17000 17795 18221 18894 19358 19433 19472 19582 19902 19985 20338 








8161 























1508 4405 4908 5848 7456 12923 18698 












2196 




















1309 6281 19854 20308 












862 1010 3902 5532 6217 8113 11671 14223 








3253 10495 13103 



9325 16805 





6577 9635 















834 1309 1598 3071 4059 4246 4486 4680 4715 7332 7456 8407 10786 11249 11806 12529 12960 13078 13089 13367 13717 13843 13969 20341 





2415 2725 3301 4207 4486 4680 4715 5068 5146 7299 8445 9918 9963 10176 12175 12594 13073 13089 13991 14939 15395 18860 

17786 



3535 11062 






18774 










1198 2144 8891 11136 17261 18352 









5957 14417 15592 17622 



3104 13885 17293 17526 




18278 











5734 13387 
3362 3718 10327 14228 16975 




8591 
2694 2753 2956 3243 18733 18747 






20507 
18931 




170 561 1422 1492 1716 2493 3094 6233 6334 6770 8352 11396 11434 12515 16929 17000 17245 19985 

11141 15726 
6555 18712 




7617 17784 














9463 




11530 



2445 





348 1716 2493 3930 4347 5255 5775 6334 6615 8058 8169 8255 8845 9373 10092 10256 10570 11396 11618 11954 12153 13522 14186 14356 16582 17000 17504 18939 19124 19582 19985 







































18467 



4748 
2271 2409 3351 5707 6793 7089 7094 7206 7702 8047 9253 11780 12045 12348 13950 14870 15851 16266 16740 17151 17182 18873 20195 





















2505 







348 1716 1878 2250 2493 2583 3930 4133 5175 5236 5255 5447 5775 6111 6233 6334 6602 6615 6684 6770 6972 7820 7984 8058 8169 8352 8845 8939 9373 9702 10092 10256 10285 10570 11169 11396 11473 11618 11954 12153 12515 13597 13799 14093 14163 14186 15252 15791 16128 16136 16339 16582 17000 17504 18669 18939 18940 19124 19582 19902 19985 


































138 12591 



938 1422 1716 1977 2443 3930 4081 4427 5467 6326 6770 8169 9243 9383 10877 11396 11618 13609 13936 14163 14604 16929 17245 18221 19124 19985 

3843 17440 
12098 



















1650 4760 






5688 


10285 






15170 

1118 









16518 


























3294 18568 









8562 



















301 4035 4928 20489 
348 1716 2110 2493 2583 3930 4133 4144 4347 5175 5361 5447 5775 6334 6770 7984 8058 8352 8845 9373 10092 10256 10570 11163 11396 11618 11954 12153 13799 14093 14186 16128 16136 16339 16582 16657 16904 16929 17000 18939 19124 19358 19433 19902 19985 
1915 12193 13106 15755 18789 


8523 12276 



874 
















1667 

10533 



























13647 









10174 







4413 8226 






4711 17576 


















7872 








9488 10411 



1282 2266 9630 12781 14766 15520 15576 18315 18328 19955 









6619 








9075 13093 










864 2061 2999 4696 



33 9630 14771 15520 16626 19955 










2975 7176 




















5247 12149 12654 15782 18337 20306 20370 








7460 


11139 12665 13257 18934 
15773 




1010 5532 6674 11139 11671 12665 12836 13257 18120 18934 



























7118 16210 


















16518 


1628 5734 6266 10218 



13061 







18962 













1309 2415 3445 4680 4715 7456 7630 8445 8469 8823 11806 12529 13262 13717 13763 13969 13991 14939 15395 19191 











1147 2271 2409 6793 8047 9253 10843 11780 12045 17182 








528 1198 1717 2855 4577 5501 7487 8472 8720 8891 9581 10707 17585 17608 18355 18440 19007 19992 






8339 










18760 








348 1716 2250 2493 2583 3930 4133 4427 5175 5255 5447 5775 6111 6233 6615 6684 6770 6791 7532 7820 8058 8169 8352 8845 8939 9373 10092 10256 10285 10570 11169 11396 11618 11954 12153 12515 12895 13597 13799 14093 14186 15252 15427 16128 16136 16339 16582 17000 17504 17795 19124 19433 19582 19985 




















11032 12259 


9325 






















1915 12193 13106 





33 1282 9630 15520 18315 19694 19728 



10971 

6652 


5550 9252 14752 15286 




539 8246 10436 14339 16873 















72 170 348 938 1422 1716 2110 2250 2493 2583 2597 3094 3930 4133 4144 4347 4427 5175 5216 5255 5361 5447 5632 5775 6111 6233 6334 6602 6615 6684 6770 6972 7820 7984 8058 8169 8255 8352 8845 9373 9702 10092 10256 10285 10570 10877 11163 11169 11396 11473 11618 11954 12153 12515 12880 12895 13490 13597 13609 13799 13936 14086 14093 14163 14186 14356 14881 15252 15788 15791 16128 16136 16339 16582 16657 16929 17000 17245 17504 18221 18429 18643 18669 18939 19124 19320 19358 19433 19472 19582 19902 20061 



18760 


528 1198 1717 2144 2855 4577 5501 7364 7487 8472 8720 8788 8891 9581 10707 13719 15754 17585 17608 18355 18440 19007 19875 

















5870 





6728 7456 8826 12956 14500 17020 

8285 15431 






18705 

9049 16823 








3968 9312 13130 17189 





4133 12967 






9928 10559 13490 14093 16575 

18396 









8845 19985 


















11418 13602 

















18786 














13865 15170 







10005 













6650 


































7736 











4246 11428 13089 



2415 13969 15395 18412 




1508 7456 



1147 2271 2409 2997 3351 4651 5373 5707 6793 6959 7089 8047 9253 11780 12045 12348 13950 15270 15851 16740 18007 19403 







































































2315 18666 











12370 
14923 

























5247 12149 12654 15782 18337 19760 20370 

5378 10631 18100 18892 19191 










2956 3243 11239 
















10818 
74 10468 
72 1716 2250 2597 4427 5447 6615 6668 8352 8845 10285 11169 11396 11954 12515 13490 14093 14539 14622 16575 18089 18221 19124 


2415 4680 4715 7332 12529 13089 15395 19239 





10293 










4293 7041 





18135 





5247 12149 12654 15782 19760 20306 











17296 






4207 4413 16682 17344 


6488 




























5549 12730 













1654 2873 7811 9684 13015 14827 18749 










17315 









1991 6561 9044 10743 









1534 

16656 




18278 
3334 9306 10253 12178 14551 14778 16045 17277 














301 4035 4928 19581 





7978 











16474 19314 


4461 7851 7876 8024 8567 

18003 





